trans_restart_version: 9
zoom: 49.198086
angle_axis: 0.000000 0.707107 -0.707107 -0.000004
translation: -0.012137 -0.001244 0.000000
scale: 40.000000
outline: 0
perspective: 0
perspective_angle: 40.000000
perspective_z: 0.000000
axis_markers: 0
mouse_mode: 1
light_direction: 0.577350 0.577350 0.577350
rotation_center_on: 0
rotation_center: 0.000000 0.000000 0.000000
